401860
401541
401313
401141
397615
396464
396080
396074
396071
396039
395975
395756
395643
395462
395085
394972
394964
394844
394833
394804
394685
394580
394528
394060
393920
393889
393884
393870
393681
393644
393481
392192
392037
392025
390388
390267
389135
389121
387517
387128
386393
385980
385875
385095
385065
382369
379847
379282
378423
378375
378226
378016
377996
377950
377695
377453
375889
375734
375436
375407
375321
375251
375176
375172
374830
374789
374497
374491
374023
373087
373007
372880
372879
372634
372502
372488
372430
372384
372081
371922
371876
371521
371323
371280
371254
371145
371063
370969
370937
370839
370838
370837
370822
370672
370427
370411
370410
370407
370405
370398
370369
370053
370052
369938
369913
369910
369889
369869
369735
369642
369583
369558
369557
369417
369285
369284
369263
369184
368788
368686
368684
368666
368658
368322
368321
368081
368080
367910
367700
367680
367432
367219
367059
366903
366898
366540
366384
366199
365949
365631
365614
365527
365383
365055
364499
364241
363832
363601
363564
363503
363333
363130
363116
362298
361826
361819
361143
361090
360614
360315
359238
358793
358644
357596
357200
357011
356879
356832
356718
356701
356422
356396
356093
355742
355741
355613
355394
354930
354892
354686
354652
354650
354644
354636
353510
350535
348634
348236
346539
346528
346244
345251
344568
344516
343846
342080
341416
341309
341158
340972
340971
340461
340159
339495
338524
338303
338289
337584
336888
336519
336265
336177
336130
335843
335774
335617
335605
335498
335303
335282
335281
335239
335212
335183
335089
334990
334527
334526
334525
334523
334171
333926
333746
333638
333617
333102
332572
332022
331750
331711
331617
331555
331371
331346
330396
329730
329513
329342
329341
329120
328984
328388
328381
327481
327145
326931
326082
324987
324514
324445
324305
323977
323951
323080
323073
322968
322945
321965
321415
320228
319933
319522
319344
318847
318638
318531
314112
313872
312550
311855
310831
310434
309663
309662
308638
308058
306035
305694
304674
304635
304549
304460
304458
304444
304121
303999
303836
302762
302709
302530
301091
300543
299544
299543
299275
299074
298767
298257
298188
298104
298027
297723
297697
296961
295778
295203
294946
294899
294245
294242
294079
294074
293999
293996
293980
293915
293867
293719
293716
293588
293464
293449
292892
292622
292411
292410
292237
292162
292001
291695
291589
291555
291554
291552
291011
290667
290032
289704
289645
289592
289545
289316
289169
288977
288833
288485
288463
287761
287644
286978
286582
286033
286007
285234
285146
284558
284267
284236
283751
282992
282974
282784
282766
282699
282659
282486
282060
281922
281261
281219
280964
280618
280488
280352
279251
279170
278852
278518
278516
277658
277251
277013
276555
276057
275895
275597
275169
274218
273653
271010
264777
264776
262773
262392
262391
259300
259291
259261
257447
253617
251944
251311
249690
249006
248432
248327
248321
247749
247504
247497
246043
240659
